For Evaluation Purposes Only
AANNNNEEXXUURERE—
-
3399
((CCHHAAPPTTEERR XXVV,, PPAARRAA 1155..2288..88))
FFOORRMM 2200
FFIINNAALL RREESSUULLTT SSHHEEEETT
[[SSEEEE RRUULLEE 5566CC - ((22))((CC))]]
EELLEECCTTIIOONN TTOO TTHHEE HHOOUUSSEEOOFFTTHHEE PPEEOOPPLLEE FFRROOMM 4| 4 DDaarrjjeeeelliinngg PPaarrlliiaammeennttaarryy CCoonnssttiittuueennccyy
PPAARRTT
|
((TToo bbee uusseedd bbootthh ffoorr PPaarrlliiaammeennttaarryy aanndd AAsssseemmbbllyy EElleeccttiioonn))
TToottaall NNoo.. ooffEElleeccttoorrss iinn AAsssseemmbbllyy
CCoonnssttiittuueennccyy//SSeeggmmenetnt...........++++228877556655
NNaammee o o f ftthhee AAsssseemmbbllyy//Seemeenntt 2255-- bari(
Mo of
Serial NNoo Ser PP ia oo l lllli N i N nn oo gg .. ooff Dr W Ba il e JO) Ww r v Th R e E r M i BA ol, ¢ ina PRE OT Votes 7 IteJim o Tatal
1T 2 e 2 1 2 2 3 0 3 3 2 3 7 8 3 2 1 8 44 77 33 4 2 eLe 6 u 495 0 15 510 0
3 3 300 113 20 33 4 1+OIN 0 ISIAIS 450 0 11 461 0
4 4 380 159 17 44 ]WwI 2 D|INJAIN|é 7 569 0 17 586 0
OlLOIN 6 |/A/UsSAWIN 6 5 3 2 1 9 1 5 1 2 9 5 2 8 6 1 3 9 88 33 6 3 —1 8 1_ 6 5 1 6 0 7 0 0 2 2 3 0 6 5 3 8 3 7 0 0
7 7 7 A 3 3 4 7 5 2 8 5 0 7 1 2 8 5 44 11 J3 1 WR A o 4 5T ) 4 4 5 5 7 8 0 7 7 4 4 6 6 4 5 0 0
353 53 7 33 1 7 424 0 9 433 0
10 8A 394 55 9 22 2 W 3 IN] 465 0 3 468 0
11 9 612 83 11 22 4 IAIN 8 720 15 735 0
1 1 3 2 1 il 0 3 2 1 1 9 8 3 2 0 6 0 8 3 5 6 44 11 1I 1 E 6 ID 2 ID|N]O] 6 3 1 8 4 5 ClOlOlOloOlOlOlOl[Ol 0 O 0 JOJOJO/O/OJOJOJOJO/OJO/O/O|o 8 9 3 6 9 2 4 2 clolololololololololol 0 o 0 l[oJOJOJOJOJOJOJOJO/O}O}o
14 12 75 289 132 22 6 504 0 2 506 0
15 13 103 139 66 44 B 1 HO] 2 315 0 7 322 0
16 14 203 231 14 33 4 8 [ON 463 0 12 475 0
17 14A 246 173 7 0 ) 3 ®6 435 0 13 448 0
18 15 510 326 22 66 3 [5UO 872 0 8 880 0
474 0 11 485 0
19 16 361 105 5 1 1 1 1
20 17 257 264 18 11 0 7UNE 547 0 9 556 0
21 17A 224 320 8 33 BIrolele 1 lole|Wwilwi/ 5 561 0 13 574 0
22 18 430 304 40 11 1 7 783 0 6 789 0
23 19 455 73 21 33 2 B 4 IN 558 0 6 564 0
24 20 398 97 9 33 1 N2I 510 0 15 525 0

|
For Evaluation Purposes Only
SSeerriiaall NNoo.. ooff |, No. of No. of
Anandamay Sankar Harish Chandra
SSeerriiaall NNoo PPoolllliinngg
Barman
RajenSundas
Malakar
SudipMandal
Barman
Rakesh Mondal Rejjeecctted NOTA Tennddeerreedd
Votes
2255 2211 313 259 21 11 0 44 559988 00 3 660011 00
2266 2211AA 333366 223311 88 00 i1L 77 558833 00 66 558899 00
2277 2222 447700 113388 3399 66 22 44 665599 00 1100 666699 00
2288 2233 226611 228866 2255 33 11 44 558800 00 99 558899 00
2299 2233AA 335599 221188 1144 66 44 77 660088 00 1111 661199 00
3300 2244 555588 222222 7766 22 44 1133 887755 00 1199 889944 00
3311 2255 551100 228888 5566 22 44 1100 887700 00 88 887788 00
i
3322 2266 338822 9999 3388 00 1 11 a52211 00 55 552266 00
3333 2266AA 444400 6655 2222 00 33 55 553355 00 1100 554455 33
3344 2277 550000 222288 4499 00 11 44 778822 00 1133 779955 00
3355 2288 331100 118844 2244 44 22 1100 553344 00 2244 555588 00
3366 2288AA 330011 119900 2277 44 33 88 553333 0 ) 1177 555500 00
3377 2299 113300 115566 33 22 00 55 229966 00 1144 331100 00
3388 3300 225588 119944 3399 22 22 1111 550066 00 1133 551199 00
3399 3300AA 227788 117711 2266 22 55 88 449900 00 1133 550033 00
4400 3311 229900 221188 8888 88 88 77 661199 00 1188 663377 00
4411 3322 334455 115533 6611 22 55 1100 557766 00 1111 558877 00
4422 3333 443388 5599 2288 33 44 44 553366 00 1177 555533 00
4433 3344 221166 r7a1) 111144 22 33 22 440088 00 55 441133 00
4444 3355 3S7T1. 116611 113333 44 22 00 667711 00 55 667766 00
4455 3366 339999 118811 116699 44 44 11 775588 00 99 776677 00
4466 3377 221144 114488 9900 Z2 11 11 445566 00 99 446655 00
4477 3377AA 221133 112211 113366 33 55 44 448822 00 77 448899 00
4488 3388 336677 115588 111166 44 44 11 665500 00 99 665599 00
4499 3399 229955 6644 4455 55 55 66 442200 00 1111 443311 00
5500 3399AA 227744 7722 7733 22 33 1
1
442255 00 33 442288 00
5511 4400 221111 116666 8822 00 00 33 446622 00 99 447711 00
5522 4400AA 224488 113333 6600 23 22 Z2 444488 00 88 445566 00
5533 4411 446666 114444 9933 Z2 33 33 F7a1l1l 00 66 r7a1w7, 00
5544 4422 334422 117700 5544 11 33 55 557755 00 44 557799 00
5555 4433 116600 113344 5599 00 00 22 335555 00 88 336633 00
5566 4444 332299 223311 117722 44 44 22 774422 00 88 775500 00
5577 4455 337766 115599 5599 33 00 44 660011 00 44 660055 00
5588 4466 222233 117722 3322 11 00 44 443322 00 55 443377 00
5599 4477 440044 221144 3333 00 00 77 665588 00 1133 667711 00
6600 4488 221122 118866 9999 33 Z2z 33 550055 00 99 551144,, 00

|
For Evaluation Purposes Only
SSeerriiaall NNoo SSeerr PP iiaa oo ll llll N ii N . nn oo gg .. o o f f An B a a n r d m am an ay RajenSundas : M Sa a n ta k k a a r r : : SudipMand : a : l Ha : ri B sh a Cha n ndra Rakesh Monda : l RR V ‘ ee NN V jje o o o e o c . c tt .o t ee t o ee f ss f dd — — NOTA : : V TT _ e N e V n o n o o d t d . t e e e e oo r s r s e ff ed — d|
6611 4488AA 223399 115522 113377 44 00 22 553344 0 1100 554444 00
6622 4499 226644 9999 5511 22 00 22 441188 00 22 442200 00
6633 4499AA 227788 8877 5500 55 00 00 442200 00 44 442244 00
6644 5500 330066 337744 6600 33 22 33 774488 00 1188 776666 00
oo"
6655 5511 334499 oo" 3377 22 22 88 449977 00 1144 551111 00
6666 5522 331155 112244 118811 1122 77 1111 665500 00 2299 667799 00
6677 5533 336633 332233 3355 1111 00 1122 -774444 00 2211 776655 00
6688 5544 332233 336600 8844 1122 1166 2277 882222 00 2288 885500 00
6699 5555 224411 9911 6655 88 55 66 441166 00 1111 442277 00
7700 5566 446611 116600 113344 88 77 99 777799 00 1188 779977 00
7711 5577 224444 9944 113388 1111 99 44 550000 00 66 550066 00
7722 5577AA 226655 110077 113322 99 55 55 552233 00 44 552277 00
7733 5588 227788 222266 4455 99 33 55 556666 00 77 557733 00
7744 5599 228899 7700 113355 66 22 66 550088 00 66 551144 00
7755 5599AA 334499 5599 8822 55 55 99 550099 00 1188 552277 00
7766 6600 337799 336655 9922 66 55 99 885566 00 2200 887766 00
7777 6611 227766 115522 7777 55 33 55 551188 00 88 552266 00
7788 6611AA 330077 117755 8800 44 33 77 557766 00 99 558855 00
7799 6622 226600 113388 9922 88 66 1100 551144 00 1144 552288 00
8800 6622AA 338833 8822 110055 22 22 33 557777 00 55 558822 00
8811 6633 114477 229977 1199 44 22 44 447733 00 77 448800 00
8822 6633AA 118899 223366 1111 00 11 88 444455 00 1122 445577 00
8833 6644 228877 331122 2233 77 66 2200 665555 00 1199 667744 00
8844 6655 334400 337755 1155 88 Z2 1111 -775511 00 1166 776677 00
8855 6666 229955 112200 111111 55 66 33 554400 00 66 554466 00
8866 6666AA 227744 113344 8833 66 11 33 550011 0 111i 551122 00
8877 6677 229922 8888 2233 66 11 44 441144 00 1100 442244 00
8888 6688 225522 112211 115522 1100 77 1144 555566 00 1133 556699 00
8899 6699 551133 113322 4477 22 22 99 770055 00 1122 771177 00
9900 7700 338899 113399 7777 22 55 66 661188 00 1111 662299 00
9911 1 71 333355 112299 1166 44 22 55 449911 00 i122 550033 00
9922 7711AA 334466 111133 1111 33 22 22 447777 00 99 448866 00
9933 7722 5588 550077 8833 77 22 1133 667700 00 1144 668844 00
3
9944 73 333377 221100 3366 55 22 44 559944 00 99 660033 00
9955 7744 112222 665522 6600 66 11 1177 885588 00 1155 887733 00
9966 7755 333399 337722 5544 11 22 1144 778822 00 1111 779933 |// 00
pF

For Evaluation Purposes Only
SSeerriiaall NNoo.. ooff No.of No of
SSeerriiaall NNoo PPoolllliinngg
|AZn
B
a
a
n
r
d
m
am
an
ay
RajenSundas
M
Sa
a
n
la
k
k
a
a
r
r
SudipMandat
Haris
B
h
ar
C
m
h
a
a
n
ndra
RakeshMondal Rejected Tendered
Votes
9977 7766 330011 109 73 00 00 00 448833 00 33 448866 00
9988 7766AA 330055 112200 6622 11 00 00 448888 00 44 449922 00
9999 T7W7 229999 114499 2288 44 44 33 448877 00 1122 449999 00
110000 TTTTAA 336644 9944 4477 00 22 11 550088 00 66 551144 00
110011 7788 227777 115511 112233 33 22 44 556600 00 77 556677 00
110022 7799 338855 119911 113355 33 33 77 -772244 00 2200 774444 00
110033 8800 s3o522 113355 4455 11 00 66 553399 00 88 554477 00
110044 8800AA 337733 111199 3399 1 i 00 00 553322 00 77 553399 00
110055 8811 441111 116622 9911 55 44 33 667766 00 99 668855 0 )
110066 8822 338844 227799 118844 1155 66 99 887777 00 1122 888899 00
110077 8833 442255 116600 9988 11 33 66 669933 00 99 770022 00
110088 8844 5599 116622 220088 88 99 22 444488 00 88 445566 00
110099 8844AA 8899 226677 8866 44 00 55 445511 00 22 445533 00
5
111100 8855 53 114488 114477 23 88 Z2 336611 00 22 336633 00
1a141 8866 330088 228899 6644 a 3 00 44 666688 00 99 667777 00
111122 8877 550044 220077 6677 11 44 >5 778888 00 1133 880011 00
as
111133 8888 550033 221155 5522 66 22 1 i 777799 00 1144 793 00)
111144 8899 335566 110022 4488 33 00 J 3 o51122 00 22 551144 00
111155 9900 337711 116611 6611 44 22 Z2 660011 00 77 660088 00
111166 9911 332255 111111 6611 55 11 22 550055 00 1111 551166 00
111177 S91IAA a 33 9 9 112299 5577 55 22 33 553355 00 1111 554466 00
111188 9922 330099 115577 7i?7 22 11 11 554477 00 88 555555 00)
111199 9933 443388 7744 6633 33 00 44 558822 00 66 558888 00
112200 9944 444466 9922 8866 77 22 77 664400 00 55 664455 00
112211 9955 442233 112222 4411 22 22 44 559944 00 99 660033 00
112222 9966 334400 226655 1755 55 66 1144 770055 00 1177 772222 00
112233 9977 446666 116699 4455 11 55 66 669922 00 1188 771100 00
112244 9988 330333 113388 Z22e 1 i i1. 44 449999 00 1 t 1 i 551100 00)
112255 9999 226688 118833 a 3 22 00 33 445599 00 88 446677 0 )
112266 110000 447711 111166 113355 22 11 88 773333 00 1155 774488 00
112277 110011 330011 118833 220044 1121 33 99 w71id1 00 99 772200 00)
112288 110022 447722 334466 3388 1ad1 55 2211 889933 00 2200 991133 00
112299 110033 224455 114422 3344 11 00 22 442244 00 66 443300 00
113300 110044 114444 1L227e 7722 00 00 22 334455 00 55 335500 00
113311 110055 221143 114499 6633 23 33 33 443344 00 1100 444444 00
113322 110055AA 220044 220044 5544 11 00 33 446666 00 44 447700 00

|
For Evaluation Purposes Only
SSeerriiaall NNoo SSeerr PP iiaa oo ll llll N ii N nn oo gg .. ooff An B a a n r d m am an ay | : : : : :M Sa a n la k k a a r r H: : ar : is B h ar C m h a a n ndra :: No. of : :: No d . e of d
: Votes Votes
113333 110066 332233 222244 4433 22 44 55 660011 00 1144 661155 00
113344 110066AA 338866 221111 3300 33 33 66 663399 00 1100 664499 00
113355 110077 226677 333322 6644 11 00 22 666666 00 66 667722 00
113366 110088 336655 118877 8888 44 z2 22 664488 00 66 665544 00
113377 110099 333333 114411 5544 44 00 33 553355 00 77 554422 00
113388 111100 331188 113344 114488 44 66 55 661155 00 77 662222 00
113399 111111 226622 119944 3322 33 11 66 449988 00 1111 550099 00
114400 111111AA 225588 223344 2277 22 11 22 552244 00 44 552288 00
114411 111122 332266 447788 8822 33 11 - 7 7 889977 00 55 990022 00
114422 111133 225522 117744 9911 s3s 11 44 552255 00 44 552299 00
114433 111144 221133 118822 6611 22 00 33 446611 00 11 446622 00
114444 111155 447700 116600 4477 22 22 33 668844 00 1166 770000 00
114455 111166 224499 222266 4466 22 00 11 552244 00 11 552255 00
114466 111177 222299 224455 3377 00 00 22 551133 00 77 552200 00
114477 111177AA 331100 117799 3366 00 22 11 552288 00 88 553366 00
114488 111188 111166 550022 5522 22 22 44 667788 00 88 668866 00
114499 111199 228833 115555 4444 11 33 11 448877 00 77 449944 00
115500 112200 332299 223344 4422 00 44 11335 662222 00 1133 663355 00
115511 112211 446644 226688 8800 Z2 33 77 882244 00 1111 883355 00
115522 112222 337700 228855 3377 55 33 44 770044 00 66 771100 00
115533 112233 336633 226699 5533 00 11 z2Z 668888 00 1122 770000 00
115544 112244 335533 118877 2299 33 33 66 558811 00 7 t 558888 00
115555 112255 444499 228833 3344 00 11 88 777755 00 66 778811 00
115566 112266 338844 118877 2277 11 11 44 660044 00 88 661122 00
115577 112277 441199 227711 5511 11 33 33 -774488 00 1100 775588 00
115588 112288 225588 119933 3322 22 33 22 449900 00 1100 550000 00
115599 112288AA 225588 119911 2288 22 11 33 448833 00 7a 449900 00
116600 112299 331144 226644 3300 33 33 66 662200 00 99 662299 00
l1i
116611 113300 551199 227777 111177 33 55 1111 993322 00 994433 00
116622 113311 339911 118811 111144 00 11 44 669911 00 55 669966 00
116633 113322 336688 222299 110000 a 5 44 33 770099 00 44 771133 00
116644 113333 445533 119944 110044 1133 33 77 777744 00 1122 778866 00
116655 113344 229911 116688 5555 66 00 33 552233 00 1144 553377 00
116666 113344AA 334400 115500 6655 44 00 11 556600 00 77 556677 00
116677 113355 448899 a 37 f 1 i 6600 66 44 1133 994433 00 2200 996633 00
116688 113366 554433 331166. L7A1. 55 33 1100 994488 00 1a7l 996655 00

For Evaluation Purposes Only
SSeerriiaall NNoo.. ooff |
SSeerriiaall NNoo PPoolllliinngg
116699 113377 449911 220599 1155 22 11 77 777755 00 1L2e 778877 00
117700 113388 336699 114411 4422 55 66 22 556655 00 55 557700 00
117711 113399 222233 116666 6633 11 22 22 445577 00 77 446644 00
117722 114400 228833 226655 5533 22 00 11 660044 00 88 661122 00
117733 114411 449911 335566 4411 44 23 55 990000 00 88 990088 00
117744 114422 443399 220066 2266 44 11 88 668844 00 66 669900 00
117755 114433 440077 331144 7733 33 Z2 66 880055 00 1100 881155 00
117766 114444 338822 220011 4477 55 11 33 663399 00 1155 665544 00
117777 114455 447788 118822 1188 11 00 22 668811 00 1111 669922 00
117788 114466 443366 227744 2233 00 22 77 774422 00 1111 775533 00
117799 114477 440044 224466 4455 22 44 88 770099 00 i 7 771166 00
118800 114488 443311 117733 a322 22 44 99 665511 00 11 665522 00
118811 114499 221iz2 111177 112266 66 1100 29 448800 00 1144 449944 00
118822 114499AA 224499 9911 6688 66 Z7 55 442266 00 1133 443399 00
118833 115500 337777 6644 5566 33 22 44 550066 00 1166 D52222 00
118844 115500AA 339944 8844 4433 66 33 77 553377 00 1188 555555 00
118855 115511 221133 8877 332288 99 7Z 22 664466 00 1111 665577 00
118866 415522 334433 113300 2222 Z2 f 7 1100 551144 00 2255 553399 00
118877 115533 447777 220022 5533 25 44 88 774499 00 1177 776666 00
118888 115544 8811 2235 33 00 00 00 110099 00 33 111122 00
118899 115555 336611 111188 1155 33 66 a3 550066 00 66 551122 00
119900 115555AA 334499 8844 3399 11 44 22 447799 00 55 448844 00
li
119911 115566 557766 111144 3311 33 22 1100 773366 00 11 774477 00
119922 115577 447722 110044 2222 44 22 77 661111 00 1155 662266 00
Sil
119933 115577AA 511 9944 1122 33 66 55 663311 00 2200 665511 00
119944 115588 225588 441199 9966 a 11 i #7 1177 880088 00 1199 882277 00
119955 115599 222233 441177 112255 1111 88 88 779922 00 1155 880077 00
119966 116600 552233 114466 110011 1122 1100 1122 880044 00 1199 882233 00
119977 116611 338833 117799 1 5 5 7 7 1159 1166 1144 776688 00 2299 779977 00
119988 116622 227755 116633 5566 77 33 55 550099 00 Z7 551166 00
119999 116633 339900 119955 8833 55 66 99 668888 00 66 669944 00
220000 116644 221166 222200 8899 11 7Z a3 553366 00 99 554455 00
220011 116644AA 226666 115566 B5L1 44 i1L 66 448844 00 1155 449999 00
5a
220022 116655 330055 - 110055 9933 44 11 00 550088 00 Z7 515 00
220033 116655AA 331155 9999 7777 11 33 33 449988 00 77 550055 00
220044 116666 330066 111199 4444 33 55 44 448811 00 1155 449966 00

SSeerriiaall NNoo SSeerr PP iiaa oo ll lllli N i N nn oo gg .. ooff Anandamay Ra : jen : Sundas : Sankar sudip : Mandat Harish Chandra Rakesh ia M :: o:nd :: a:: : l : : Re N je o c . t o e f d NOTA Tende o re f d
: Barman : :Malakar Barman
Votes otes
E
220055 1 1 6 6 7 7 486 103 58 a4l a5 7 666633 00 1122 667755 00
220066 116688 449933 110011 1122 a5 33 8 00|~ 662222 00 99 663311 00
220077 116699 447733 8800 3505 1100 22 800] 662288 00 1155 664433 00
220088 117700 443322 223305 110044 1100 66 1 a 1 t 779988 00 1100 880088 00
220099 117711 338866 111199 110000 66 22 44 661177 00 1100 662277 00
221100 117722 660066 221199 3377 2211 77 1L7e 990077 00 2288 993355 00
221111 117733 334444 117700 110000 a 5 44 66 662299 00 1100 663399 0)
221122 117744 445588 113300 P2a1l 77 22 33 662211 00 77 662288 00
221133 117755 332222 117721i 2222 55 33 66 552299 00 1122 554411 00
221144 117766 554422 119955 3322 55 7z a5 778866 00 1100 779966 00
221155 117777 552255 221133 -7711 11 7Z 66 882233 00 1199 884422 00
221166 117788 441199 111166 7722 00 44 00 661111 00 1122 662233 00
221177 117788AA 448822 110088 7744 77 44 Z7 668822 00 1a1i 669933 00
221188 117799 441199 111199 3388 1111 33 55 559955 00 1144 660099 00
221199 117799AA 445500 112266 1166 66 i1l 33 660022 00 66 660088 00
222200 118800 441166 220033 110088 55 88 88 774488 00 2244 777722 00
222211 118811 446666 7711 4400 1100 Z2 7 i 559966 00 1 it 1 660077 00
222222 118811AA 440088 8800 a533 33 33 77 555544 00 33 5555/77 00
222233 118822 664433 114455 6655 66 44 99 887722 00 1133 888855 00
222244 118833 332277 8866 7700 22 33 1 - 448899 00 66 449955 00
0
222255 118833AA 227711 111166 3366 33 11 44 443311 00 66 443377 0
222266 118844 550033 113311 2211 77 66 S3 667711 00 1177 668888 00
222277 118855 337/11 6688 2222 55 44 66 447766 00 44 448800 00
222288 118855AA 229944 9988 59 11 22 22 440066 00 1122 441188 00
222299 118866 225500 224444 112255 Z7 66 1100 664422 00 1133 665555 00
223300 118877 225599 119944 222200 88 88 a 3 669922 00 1177 770099 00
223311 118888 555599 114477 1188 44 Z2 S5 773355 00 1177 775522 00
223322 118899 555588 114400 6644 33 22 22 776699 00 1177 778866 00
223333 119900 333366 116677 1188 55 44 33 553333 00 55 553388 00
223344 119900AA 334477 111133 3 31 i 88 33 Z2 550044 00 1100 551144 00
223355 119911 337700 7799 8811 Z2 88 22 554422 00 1122 555544 00
223366 119911AA 336633 8899 8899 1 i 33 22 554477 00 1144 556611 00
223377 119922 222244 7777 2299 Z2 11 66 433399 00 33 334422 00
223388 119933 440099 113344 2211 33 22 33 357722 00 1100 558822 00
223399 119933AA 339911 1L1iv7 1144 22 00 33 o52277 00 88 553355 00
224400 119944 229922 110044 E3V7s 33 22 44 444422 00 88 445500 00 DS
For Evaluation Purposes Only

For Evaluation Purposes Only
SSeerriiaallNNoo SSeerr PP iiaa oo ll llll N ii N nn oo gg .. o o f f | A:n S andamay RajenSundas Sankar SudipMandal HarishChandra RakeshMondal Re N je o c . t o e f d NO : TA Te N n o d . e o re f d
Barman :: Malakar Barman
: : Votes Votes
224411 119955 476 222222 6655 88 44 a3 777788 00 88 778866 00
224422 119966 338800 113300 5511 33 11 33 556688 00 33 557711 00
224433 119966AA 333344 111155 4433 22 23 33 550000 00 r7i 550077 00
224444 119977 337722 221199 5544 99 =2 88 666644 00 1122 667766 00
224455 119977AA 339944 220033 3344 44 Z2 77 664444 00 66 665500 00
224466 119988 229944 224433 112200 22 44 44 666677 00 1122 667799 00
224477 119988AA 336688 116633 110055 33 a2 55 664466 00 77 665533 00
224488 119999 333344 117711 3366 00 25 11 554477 00 77 555544 00
224499 220000 339933 220066 2277 44 33 25 663388 00 44 664422 00
i
225500 220011 441111 111177 6699 7 55 33 661122 00 2211 663333 00
225511 220022 333388 224400 -w7d1 44 7Z 1100 667700 00 Z21i 669911 00
225522 220033 229977 111144 111i22 1111 88 55 554477 00 1122 555599 00
225533 220033AA 332277 111133 4433 55 33 22 449933 00 1122 550055 00
225544 220044 336666 225599 110099 88 33 1133 775588 00 1122 777700 00
225555 220055 228800 113388 3377 11 44 77 446677 00 99 447766 00
225566 220066 338800 112299 110077 1100 1122 a9 664477 00 1155 666622 00
225577 220077 336655 448899 5555 e7 22 99 992277 00 5 15 994422 ) 0
225588 220088 224477 222200 7700 44 66 55 555522 00 66 555588 00
225599 220099 554499 112211 4433 22 33 44 F72222 00 1100 773322 00
226600 221100 223388 550044 4400 44 55 77 779988 00 1133 881111 00
226611 221111 226600 331100 8800 11 11 22 665544 00 1100 666644 00
226622 221122 332200 116600 3344 22 00 22 551188 00 22 552200 00
226633 221122AA 330077 113388 3377 11 33 11 448877 00 11 448888 00
226644 221133 333344 115544 a5o5 55 1
1
22 555511 00
-
7
7
555588 00
226655 221133AA 226644 114444 6655 11 44 33 448811 00 1100 449911 00
226666 221144 444488 221166 117711 a 5 55 11 884466 00 77 885533 00
226677 221155 443311 117700 116622 29 55 00 777777 00 66 778833 00
226688 221166 333377 114433 2277 11 22 33 551133 00 1144 D52e7l 00
226699 221166AA 335588 9955 2244 22 00 00 447799 00 77 448866 00
227700 221177 335577 338899 6611 2222 1133 1166 885588 00 2244 888822 00
227711 221188 228855 116633 3355 77 66 88 550044 00 1144 551188 00
227722 221199 338888 331144 8899 66 44 66 880077 00 S9 881166 00
227733 222200 222266 8800 88 88 00 11 332223 00 1155 333388 00
227744 222211 663388 114411 7711 1100 55 77 887722 00 1199 889911 00
227755 222222 554411 116644 3344 a 3 1122 66 776600 00 1100 777700 00
227766 222233 666633 118800 J3o5 r 7 99 1133 990077 00 i177 992244 00

For Evaluation Purposes Only
|,
SSeerriiaall NNoo S | Seerr PP iiaa oo ll llll N ii N nn oo gg ..ooff An B a a n r d m am a : n : ay RajenSund : as :: M Sa a n la k k a a r r SuddiippMMaannda : l. : Ha : r : is B h ar S m h a o n nd: a RakeshMo : ndal Re N a V j j e e o o c . t t e o e s f d :: OT : : A Te N V n o o d . t e e o r s e f d
227777 222244 337700 110077 4488 22 22 33 553322 00 1111 554433 00
227788 222244AA 337777 5511 5511 a4 33 55 449911 00 88 449999 00
227799 222255 554466 220077 4488 22 66 i 7 881166 00 44 882200 00
228800 222266 333377 118866 1144 11 77 99 555544 00 88 556622 0 )
i.
228811 222266AA 331100 113366 1199 55 44 11 448855 00 1100 449955 00
228822 222277 330088 112200 5500 33 44 22 448877 00 88 449955 00
228833 222277AA 226666 111144 55/77 00 55 44 444466 00 1100 445566 00
228844 222288 664477 7799 4488 111i 55 1100 880000 00 2299 882299 00
228855 222299 553399 113322 2266 1144 1188 1111 774400 00 1199 775599 00
228866 223300 442233 113388 3322 77 44 99 661133 00 99 662222 0 )
228877 223300AA 443322 112266 3344 88 33 99 661122 00 1100 662222 00
228888 223311 331133 220099 3333 33 Z7 66 557711 00 1100 558811 11
228899 223311AA 444411 112244 4422 11 66 66 662200 00 44 662244 00
229900 223322 114455 224400 6666 Z7 66 55 446699 00 55 447744 00
229911 223322AA 222255 115522 5500 00) 1 i 00 442288 00 33 443311 00
229922 223333 331133 112277 4411 22 33 22 448888 00 66 449944 00
229933 223344 551188 118844 3311 44 00 33 774400 00 1155 775555 00
229944 223355 333388 111199 4455 77 1100 44 552233 00 1133 553366 00
229955 223355AA 336600 111177 2277 00 99 44 551177 00 55 B52222 00
229966 223366 442211 114466 1111 33 11 55 558877 00 1111 559988 00
229977 223366AA 336655 112288 1199 11 44 33 552200 00 55 552255 00
229988 223377 229988 116600 8888 22 22 22 555522 00 1111 556633 00
229999 223388 224488 221100 9944 55 44 22 556633 00 99 557722 00
i
330000 223399 228800 113344 5511 22 1 22 447700 00 77 447777 00
330011 223399AA 224433 9944 5544 22 22 00 339955 00 1111 440066 00
330022 224400 331133 110011 4433 33 00 55 446655 00 55 447700 0 )
330033 224400AA 226699 114433 4400 11 44 44 446611 00 77 446688 00
330044 224411 111155 5533 3322 33 22 11 220066 00 55 221111 00
330055 224422 115555 114433 2211 00 33 33 332255 00 11 332266 00
330066 224433 441199 223300 5544 33 11 44 771111 00 1100 772211 00
330077 224444 229955 116633 110033 55 00 00 556666 00 44 557700 0 )
330088 224455 333399 221166 7700 33 44 00 663322 00 1188 665500 00
330099 224466 445555 223322 113355 55 88 44 883399 00 1144 885533 00
331100 224477 221133 113388 6688 22 22 00 442233 00 55 442288 00
331111 224477AA 222222 113366 4488 44 i1L 11 441122 00 88 442200 00
331122 224488 334488 114466 2266 23 22 22 552277 00 77 553344 00

|
For Evaluation Purposes Only
SSeerriiaall NNoo SSeerr PP iiaa oo ll llll N ii N nn oo gg .. ooff |. An B a a n r d m am an ay RajenSundas : : : : : : : : : :: : M Sa a n la k k a a r r SudipMandal Haris B h ar C m :h a a n ndra RakeshMondai Re N a V jje o o ec . c t t e t o ee s f d N N ::: O O T T A A : Te N V n n o o d d . e t e e o rre s e f d d
331133 224488AA 228844 118833 3300 33 11 22 550033 00 88 551111 00
331144 224499 336699 111133 2200 33 33 1al 550099 00 55 551144 00
331155 224499AA 338855 110055 2266 11 33 33 552233 00 88 553341 00
331166 225500 338833 6611 4444 00 11 33 449922 00 66 449988 00
331177 225511 445533 119911 7711 1it 11 55 772222 00 1100 773322 00
331188 225522 442211 117711 6688 53 22 33 666688 00 88 667766 00
331199 225533 339933 115500 2333 11 00 44 558811 00 99 559900 00
332200 225544 119955 114411 5511 22 00 22 339911 00 77 339988 00
332211 225544AA 223388 113311 3322. 00 11 11 440033 00 99 441122 00
332222 225555 442255 220022 4411 33 44 33 667788 00 99 668877 00
332233 225566 226699 117755 8888 J 7 55 1122 555566 00 1133 556699 00
332244 225566AA 333399 112288 6611 55 22 33 553388 00 1122 555500 00
332255 225577 446688 114433 2277 00 11 66 664455 00 77 665522 00
332266 225577AA 442211 114422 3388 66 55 55 661177 00 88 662255 00
332277 225588 442211 112244 5500 22 33 1
1
660011 00 66 660077 00
332288 225599 228833 111166 4477 22 11 00 444499 00 55 445544 00
332299 225599AA 229955 9900 3a7f 00 11 22 442255 00 55 443300 00
333300 226600 226644 330044 114455 1100 2255 1111 775599 00 66 776655 00
333311 226611 445511 225500 4422 33 22 22 775500 00 88 775588 00
333322 226622 667711 113399 2233 22 11 33 883399 00 1100 884499 00
333333 226633 444477 9933 44 11 00 33 554488 00 33 555511 00
333344 226633AA 441155 6622 1155 33 z2 Z2 449999 00 1100 550099 11
333355 226644 771199 117744 1166 22 33 44 991188 00 Z7 992255 00
333366 226655 442222 331155 4499 99 66 1122 881133 00 1122 882255 00
333377 226666 336655 119988 4466 55 33 44 662211 00 66 662277 0)
333388 226677 337733 116666 3311 44 00 55 557799 00 88 558877 00
re
333399 226688 441111 226699 1166 88 33 66 713 00 1155 772288 00
334400 226699 333388 116655 7700 22 33 44 558822 00 77 558899 00
334411 226699AA 338877 6622 8877 77 55 44 5555227 00 99 556611 00
334422 227700 333311 112255 6699 44 44 22 553355 00 44 553399 00
334433 227700AA 442255 7788 5500 33 22 1100 556688 00 99 557777 00
334444 227711 666600 113322 7700 44 33 44 887733 00 1100 888833 00
334455 227722 773344 111100 2233 22 33 55 887777 00 66 888833 00
334466 227733 550000 119900 1122 44 1al 22 770099 00 55 771144 00
334477 227744 445511 224444 9955 44 00 77 880011 00 77 880088 00 as
334488 227755 228833 112266 3322 33 22 33 444499 00 99 445588 00

For Evaluation Purposes Only
|
SSeerriiaall NNoo.. o o f f
SSeerriiaall NNoo PPoolllliinngg
334499 227755AA 339 125 20 33 33 44 449944 1 88 550022 00
335500 227766 441188 226600 2200 11 66 1100 771155 0 1166 773311 00
335511 227777 332266 223333 4422 33 33 88 661155 00 55 662200 00
335522 227788 337766 118822 4444 44 00 22 660088 00 55 661133 00
335533 227799 337766 119988 3366 11 33 1100 662244 00 77 663311 00
335544 228800 337700 115500 6633 66 66 55 660000 00 55 660055 00
335555 228811 331166 113344 4466 11 00 33 550000 00 44 550044 00
335566 228811AA 330066 111188 6644 22 00 22 449922 00 33 449955 00
335577 228822 447733 229911 3399 1144 88 1100 883355 00 1166 885511 00
335588 228833 441122 115577 8822 66 44 22 666633 00 99 667722 00
335599 228844 552244 224433 9977 66 55 77 888822 00 1199 990011 00
336600 228855 440033 115500 7711 66 88 1155 665533 00 88 666611 00
336611 228855AA 442277 113399 7711 44 66 44 665511 00 1122 666633 00
336622 228866 330077 111144 9933 66 55 88 553333 00 1122 554455 00
336633 228866AA 335577 9955 5522 22 00 00 550066 00 44 551100 00
336644 228877 449988 222255 3366 1155 88 1144 779966 00 1166 881122 00
336655 228888 550000 117733 4433 44 11 1133 773344 00 88 774422 00
336666 228899 445533 8899 1144 55 44 55 557700 00 1122 558822 00
336677 228899AA 441122 9933 1111 33 53 55 552277 00 Z7 553344 00
336688 229900 557766 222200 1144 66 22. 55 882233 00 77 883300 00
336699 229911 226633 112233 3322 99 22 33 443322 00 1100 444422 00
337700 229911AA 229900 8822 5566 22 11 33 443344 00 99 444433 00
337711 229922 336633 114488 7722. 77 44 77 660011 00 1100 661111 00
337722 229922AA 338800 114488 5555 7Z 77 88 660055 00 1166 662211 00
337733 229933 338811 116622 110011 33 44 22 665533 00 66 665599 00
337744 229944 228822 111155 9966 11 00 22 449966 00 1100 550066 00
337755 229955 336655 119988 8800 55 44 22 665544 00 33 665577 00
337766 229966 558866 119966 7744 33 22 66 886677 00 1144 888811 00
337777 229977 228855 338833 3333 4 44 77 771166 00 88 772244 00
337788 229988 443300 117722 5555 4 66 55 667722 00 88 668800 00
337799 229999 448899 113366 2255 2 22 77 666611 00 1100 667711 00
338800 229999AA 448855 115588 2222 22 22 11 667700 00 22 667722 00
338811 330000 552222 223366 9988 11 11 66 886644 00 99 887733 00
338822 330011 559900 119977 7755 7 77 99 888855 00 33 888888 00
338833 330022 118866 116699 4499 0 22 44 441100 00 33 441133 00
338844 330033 334411 115566 5588 3 44 11 556633 00 55 556688 00

||
For Evaluation Purposes Only
SSeerriiaall NNoo.. ooff Re N je o c . t o e f d : Jie N n o d . e o re f d
SSeerriiaall NNoo PPoolllliinngg V0otes Votes
338855 330033AA 333377 114411 4466 4 22 44 553344 - 7 7 554411 00
338866 330044 440099 224422 8855 6 66 22 775500 00 1144 776644 00
338877 330055 338811 119988 17D5 2 99 55 667700 00 1100 668800 00
338888 330066 330044 117744 4488 5 22 6 553399 0 5 554444 00
338899 330066AA 224477 118899 6655 2 Z2 22 550077 0 4 551111 00
339900 330077 448855 226600 110000 2 3 3 77 885577 00 1177 887744 00
: :
Total
T re o c t o a r l d N e o d . a o t fvotes 113388881199 6688445544 2222886655 11556644 11226611 22003322 223344999955 O 33888888 223388888833 55
rr
NN
ee
oo
cc
..
oo
oo
rrdd
ff
ee
v v
dd
o o t t
oo
e e
nnp
s s
opossttaall 996666 448833 119955 1133 1133 1144 11668844 9900 2244 11779988 0
bbaalllloott ppaappeerrss.. :
TOTAL Votes 113399778855 6688993377 2233006600 11557777 11227744 22004466 223366667799 9900 33991122 224400668811 55
Polled
|
A,
oo
+° RReettuurrnniinnggOOffffiicceerr
*2255 _ ,,MMaattiiggaarraa--NNaaxxaallbbaarrii((SS..CC..))AA.GC..